0 0.078125 0.19375 0.12265625 0.2109375
0 0.15546875 0.2515625 0.1171875 0.1921875
0 0.1859375 0.321875 0.14140625 0.16875
0 0.228125 0.35703125 0.09453125 0.1734375
0 0.27421875 0.38125 0.08515625 0.21640625
0 0.51328125 0.41015625 0.1 0.16875
0 0.62265625 0.38125 0.1515625 0.2328125
0 0.6859375 0.34921875 0.09765625 0.1734375
0 0.80078125 0.3234375 0.12109375 0.15
0 0.8984375 0.2609375 0.15625 0.1734375
0 0.82578125 0.19375 0.14140625 0.17890625
0 0.74453125 0.1671875 0.15234375 0.14140625
0 0.6625 0.1125 0.1921875 0.1390625
0 0.55625 0.08828125 0.1390625 0.1390625