0 0.5296875 0.721875 0.21796875 0.18671875
0 0.3703125 0.70390625 0.1046875 0.11640625
0 0.33125 0.8140625 0.0984375 0.11640625
0 0.2265625 0.796875 0.09296875 0.11640625
0 0.1265625 0.77578125 0.103125 0.14140625
0 0.0390625 0.77578125 0.078125 0.1359375
0 0.0203125 0.65 0.040625 0.11640625
0 0.10390625 0.665625 0.05625 0.1078125
0 0.18671875 0.665625 0.0640625 0.13046875
0 0.27265625 0.68359375 0.07421875 0.0875
0 0.36796875 0.6765625 0.08046875 0.11328125
0 0.54765625 0.696875 0.21796875 0.15859375
0 0.9546875 0.83515625 0.08984375 0.09609375
0 0.95703125 0.7390625 0.0859375 0.090625