0 0.4953125 0.10390625 0.5125 0.2078125
0 0.57890625 0.25390625 0.50078125 0.203125
0 0.32421875 0.3671875 0.52734375 0.2109375
0 0.66640625 0.40234375 0.11640625 0.146875
0 0.80078125 0.3953125 0.11796875 0.13359375
0 0.6953125 0.478125 0.090625 0.09609375
0 0.8328125 0.45234375 0.11953125 0.109375
0 0.840625 0.53125 0.12890625 0.12265625
0 0.88515625 0.59140625 0.12265625 0.13125
0 0.23359375 0.578125 0.3953125 0.221875
0 0.52265625 0.625 0.45625 0.21875
0 0.2703125 0.7625 0.484375 0.16328125
0 0.759375 0.753125 0.48125 0.1546875
0 0.3921875 0.89375 0.53671875 0.1578125